4,104,12,12,00,4001,MirrorGlass,0.7,22.00,ECO123,6
4,104,12,12,05,4002,WindowMotor,2.3,65.00,TDI200,4
4,104,12,12,10,4003,IgnitionCoil,3.8,95.00,GTI300,1
4,104,12,12,15,4004,DashCam,1.5,75.00,HYB567,9
4,104,12,12,20,4005,Crankshaft,7.8,210.00,ECO123,7
4,104,12,12,25,4006,O2Sensor,0.9,18.00,TDI200,3
4,104,12,12,30,4007,ValveCover,3.2,70.00,GTI300,5
4,104,12,12,35,4008,RockerArm,4.1,88.00,ECO123,2
4,104,12,12,40,4009,BlowerMotor,5.6,120.00,HYB567,8
4,104,12,12,45,4010,SideMirror,2.1,55.00,TDI200,4
4,104,12,12,50,4011,BumperCover,8.2,180.00,GTI300,6