1,101,12,8,30,1001,BrakePad,1.2,30.99,ECO123,5
1,101,12,8,35,1002,AirFilter,0.8,15.50,TDI200,2
1,101,12,8,40,1003,EngineCoolant,0.9,12.30,ECO123,3
1,101,12,8,45,1004,FuelPump,3.1,75.00,HYB567,1
1,101,12,8,50,1005,Alternator,4.5,120.00,GTI300,6
1,101,12,8,55,1006,SparkPlug,0.2,5.99,TDI200,3
1,101,12,9,00,1007,TimingBelt,1.8,45.00,ECO123,4
1,101,12,9,05,1008,WaterPump,2.5,65.00,TDI200,7
1,101,12,9,10,1009,Radiator,6.8,130.00,HYB567,2
1,101,12,9,15,1010,ExhaustPipe,5.5,95.00,GTI300,5
1,101,12,9,20,1011,Headlight,2.0,85.00,ECO123,8